3,2
3,1
3,3
10,314
10,229
10,300
10,87
10,209
10,148
10,142
10,309
10,2
10,3
11,20
11,18
11,27
9,7
9,6
9,4
9,2
9,3
8,10
8,18
8,6
8,8
8,2
8,3
36,3
36,2
36,1
36,0
35,3
35,2
35,1
35,0
34,3
34,2
34,1
34,0
33,3
33,2
33,1
33,0
32,3
32,2
32,1
32,0
31,4
31,3
31,2
31,1
31,0
30,4
30,3
30,2
30,1
30,0
29,4
29,3
29,2
29,1
29,0
28,10
28,9
28,8
28,7
28,6
28,5
28,4
28,3
28,1
20,3
20,2
20,1
19,3
19,2
19,1
12,3
12,2
12,1
11,29
11,28
11,25
11,21
11,17
11,16
11,15
11,14
11,12
11,8
11,5
11,4
11,3
11,2
11,1
10,289
10,269
10,256
